1,1,210.72,250.54,91.44000000000003,38.16,1,1,1.0
1,2,731.28,265.66,72.72000000000003,37.44,1,1,1.0
1,3,121.44,335.5,132.48,56.879999999999995,1,1,1.0
2,1,210.72,250.54,91.44000000000003,38.22,1,1,1.0
2,2,719.76,268.54,72.72000000000003,37.44,1,1,1.0
2,3,96.96,339.1,136.84000000000003,56.879999999999995,1,1,1.0
3,1,210.72,250.54,91.44000000000003,38.28999999999999,1,1,1.0
3,2,708.2,272.14,68.43999999999994,37.44,1,1,1.0
3,3,73.2,341.98,136.83999999999997,56.879999999999995,1,1,1.0
4,1,210.72,250.54,91.44000000000003,38.359999999999985,1,1,1.0
4,2,695.2,272.1,69.91999999999996,39.599999999999966,1,1,1.0
4,3,50.88,344.14,136.84,61.160000000000025,1,1,1.0
5,1,210.72,250.54,91.44000000000003,38.430000000000035,1,1,1.0
5,2,680.8,272.82,69.92000000000007,39.60000000000002,1,1,1.0
5,3,22.08,349.9,145.51999999999998,61.160000000000025,1,1,1.0
6,1,210.72,250.54,91.44000000000003,38.48999999999998,1,1,1.0
6,2,666.4,275.0,72.80000000000007,42.45999999999998,1,1,1.0
6,3,0.48,354.94,145.52,61.160000000000025,1,1,1.0
7,1,210.72,250.54,91.44000000000003,38.56000000000003,1,1,1.0
7,2,649.12,278.6,78.58000000000004,41.0,1,1,1.0
7,3,0.48,354.94,123.22,64.75999999999999,1,1,1.0
8,1,210.72,250.54,91.44000000000003,38.630000000000024,1,1,1.0
8,2,635.44,280.0,78.57999999999993,41.75999999999999,1,1,1.0
8,3,0.48,354.94,100.22,71.25999999999999,1,1,1.0
9,1,210.72,250.54,91.44000000000003,38.70000000000002,1,1,1.0
9,2,620.32,281.4,79.9799999999999,42.5,1,1,1.0
9,3,0.48,354.94,75.72,71.25999999999999,1,1,1.0
10,1,210.72,250.54,91.44000000000003,38.76000000000002,1,1,1.0
10,2,606.64,284.3,79.98000000000002,43.920000000000016,1,1,1.0
10,3,0.0,363.58,52.4,62.620000000000005,1,1,1.0
11,1,210.72,250.54,91.44000000000003,38.83000000000001,1,1,1.0
11,2,591.5,286.5,82.15999999999997,45.31999999999999,1,1,1.0
11,3,0.0,363.58,29.4,62.620000000000005,1,1,1.0
12,1,210.72,250.54,91.44000000000003,38.900000000000006,1,1,1.0
12,2,575.66,286.5,82.16000000000008,43.89999999999998,1,1,1.0
13,1,210.72,250.54,91.44000000000003,38.97,1,1,1.0
13,2,556.94,289.4,88.65999999999997,45.30000000000001,1,1,1.0
14,1,210.72,250.54,91.44000000000003,39.03,1,1,1.0
14,2,543.98,292.28,88.65999999999997,45.30000000000001,1,1,1.0
15,1,210.72,250.54,91.44000000000003,39.099999999999994,1,1,1.0
15,2,529.58,293.72,88.65999999999997,45.299999999999955,1,1,1.0
16,1,210.72,250.54,91.44000000000003,39.16999999999999,1,1,1.0
16,2,509.42,297.32,88.66000000000003,45.30000000000001,1,1,1.0
17,1,210.72,250.54,91.44000000000003,39.23999999999998,1,1,1.0
17,2,495.02,298.76,88.65999999999997,45.30000000000001,1,1,1.0
18,1,210.72,250.54,91.44000000000003,39.29999999999998,1,1,1.0
18,2,473.4,300.92,93.72000000000003,48.879999999999995,1,1,1.0
19,1,210.72,250.54,91.44000000000003,39.37000000000003,1,1,1.0
19,2,459.0,303.8,93.72000000000003,48.879999999999995,1,1,1.0
20,1,210.72,250.54,91.44000000000003,39.440000000000026,1,1,1.0
20,2,440.3,306.68,95.09999999999997,48.879999999999995,1,1,1.0
21,1,210.72,250.54,91.44000000000003,39.51000000000002,1,1,1.0
21,2,425.9,308.12,95.10000000000002,48.879999999999995,1,1,1.0
22,1,210.72,250.54,91.44000000000003,39.57000000000002,1,1,1.0
22,2,405.0,311.0,102.30000000000001,54.60000000000002,1,1,1.0
23,1,210.72,250.54,91.44000000000003,39.640000000000015,1,1,1.0
23,2,386.28,313.16,102.30000000000001,54.599999999999966,1,1,1.0
24,1,210.72,250.54,91.44000000000003,39.71000000000001,1,1,1.0
24,2,368.3,315.32,106.59999999999997,58.18000000000001,1,1,1.0
25,1,210.72,250.54,91.44000000000003,39.78,1,1,1.0
25,2,347.42,319.6,109.47999999999996,58.19999999999999,1,1,1.0
26,1,210.72,250.54,91.44000000000003,39.84,1,1,1.0
26,2,328.7,322.48,109.48000000000002,58.19999999999999,1,1,1.0
27,1,210.72,250.54,91.44000000000003,39.91,1,1,1.0
27,2,309.26,327.52,109.48000000000002,58.200000000000045,1,1,1.0
28,1,210.72,250.54,91.44000000000003,39.97999999999999,1,1,1.0
28,2,286.2,330.4,118.13999999999999,59.60000000000002,1,1,1.0
29,1,210.72,250.54,91.44000000000003,40.04999999999998,1,1,1.0
29,2,265.32,333.3,118.13999999999999,61.74000000000001,1,1,1.0
30,1,210.72,250.54,91.44000000000003,40.109999999999985,1,1,1.0
30,2,245.2,336.9,120.98000000000002,62.5,1,1,1.0
31,1,210.72,250.54,91.44000000000003,40.180000000000035,1,1,1.0
31,2,222.16,340.5,124.53999999999999,62.5,1,1,1.0
32,1,210.72,250.54,91.44000000000003,40.25000000000003,1,1,1.0
32,2,200.56,345.54,124.54000000000002,62.5,1,1,1.0
33,1,210.72,250.54,91.44000000000003,40.32000000000002,1,1,1.0
33,2,173.9,344.82,131.76000000000002,66.78000000000003,1,1,1.0
34,1,210.72,250.54,91.44000000000003,40.380000000000024,1,1,1.0
34,2,150.86,349.86,136.03999999999996,68.24000000000001,1,1,1.0
35,1,210.72,250.54,91.44000000000003,40.45000000000002,1,1,1.0
35,2,125.66,357.78,136.04,68.24000000000001,1,1,1.0
36,1,210.72,250.54,91.44000000000003,40.52000000000001,1,1,1.0
36,2,101.2,363.54,143.21999999999997,68.23999999999995,1,1,1.0
37,1,210.72,250.54,91.44000000000003,40.59,1,1,1.0
37,2,72.4,366.42,150.42,68.24000000000001,1,1,1.0
38,1,210.72,250.54,91.44000000000003,40.650000000000006,1,1,1.0
38,2,47.2,370.74,150.42000000000002,70.45999999999998,1,1,1.0
39,1,210.72,250.54,91.44000000000003,40.72,1,1,1.0
39,2,16.96,373.6,157.64,74.79999999999995,1,1,1.0
40,1,210.72,250.54,91.44000000000003,40.78999999999999,1,1,1.0
40,2,0.4,375.04,151.9,79.85999999999996,1,1,1.0
41,1,210.72,250.54,91.44000000000003,40.859999999999985,1,1,1.0
41,2,0.4,381.6,128.1,80.5,1,1,1.0
42,1,210.72,250.54,91.44000000000003,40.91999999999999,1,1,1.0
42,2,0.4,388.0,100.69999999999999,77.0,1,1,1.0
43,1,210.72,250.54,91.44000000000003,40.98999999999998,1,1,1.0
43,2,0.4,393.0,77.69999999999999,72.0,1,1,1.0
44,1,210.72,250.54,91.44000000000003,41.06000000000003,1,1,1.0
44,2,0.4,393.0,46.0,72.0,1,1,1.0
45,1,210.72,250.71,91.44000000000003,41.03999999999999,1,1,1.0
45,2,0.4,412.4,24.400000000000002,52.60000000000002,1,1,1.0
46,1,210.72,250.89,91.44000000000003,41.0,1,1,1.0
47,1,210.72,251.07,91.44000000000003,40.97000000000003,1,1,1.0
48,1,210.72,251.25,91.44000000000003,40.93000000000001,1,1,1.0
49,1,210.72,251.43,91.44000000000003,40.89999999999998,1,1,1.0
50,1,210.72,251.61,91.44000000000003,40.860000000000014,1,1,1.0
51,1,210.72,251.78,91.44000000000003,40.84,1,1,1.0
51,4,955.2,231.82,4.7999999999999545,46.80000000000001,1,1,1.0
52,1,210.72,251.96,91.44000000000003,40.79999999999998,1,1,1.0
52,4,948.0,231.82,12.0,46.80000000000001,1,1,1.0
53,1,210.72,252.14,91.44000000000003,40.77000000000004,1,1,1.0
53,4,941.5,231.82,18.5,46.80000000000001,1,1,1.0
54,1,210.72,252.32,91.44000000000003,40.73000000000002,1,1,1.0
54,4,936.5,231.82,23.5,54.68000000000001,1,1,1.0
55,1,210.72,252.5,91.44000000000003,40.69999999999999,1,1,1.0
55,4,932.9,231.82,27.100000000000023,54.68000000000001,1,1,1.0
56,1,210.72,252.67,91.44000000000003,40.66999999999999,1,1,1.0
56,4,927.1,231.82,32.89999999999998,54.68000000000001,1,1,1.0
57,1,210.72,252.85,91.44000000000003,40.640000000000015,1,1,1.0
57,4,924.2,228.2,35.799999999999955,58.30000000000001,1,1,1.0
58,1,210.72,253.03,91.44000000000003,40.599999999999994,1,1,1.0
58,4,916.3,229.7,43.700000000000045,61.10000000000002,1,1,1.0
59,1,210.72,253.21,91.44000000000003,40.569999999999965,1,1,1.0
59,4,913.4,229.7,46.60000000000002,61.10000000000002,1,1,1.0
60,1,210.72,253.39,91.44000000000003,40.53000000000003,1,1,1.0
60,4,906.2,227.5,53.799999999999955,63.30000000000001,1,1,1.0
61,1,210.72,253.57,91.44000000000003,40.5,1,1,1.0
61,4,900.8,229.65,59.200000000000045,63.29999999999998,1,1,1.0
62,1,210.72,253.74,91.44000000000003,40.46999999999997,1,1,1.0
62,4,895.4,231.8,64.60000000000002,63.30000000000001,1,1,1.0
63,1,210.72,253.92,91.44000000000003,40.440000000000026,1,1,1.0
63,4,892.5,231.8,67.5,63.30000000000001,1,1,1.0
64,1,210.72,254.1,91.44000000000003,40.400000000000006,1,1,1.0
64,4,887.5,231.8,72.5,68.30000000000001,1,1,1.0
65,1,210.72,254.3,91.44000000000003,40.19999999999999,1,1,1.0
65,4,880.3,231.8,79.70000000000005,69.09999999999997,1,1,1.0
66,1,210.72,254.5,91.44000000000003,40.0,1,1,1.0
66,4,874.5,231.8,85.5,73.39999999999998,1,1,1.0
67,1,210.72,254.7,91.44000000000003,39.80000000000001,1,1,1.0
67,4,868.7,231.8,91.29999999999995,72.69999999999999,1,1,1.0
68,1,210.72,254.9,91.44000000000003,39.599999999999994,1,1,1.0
68,4,861.5,227.5,98.5,78.39999999999998,1,1,1.0
69,1,210.72,255.1,91.44000000000003,39.400000000000006,1,1,1.0
69,4,855.7,227.5,104.29999999999995,78.39999999999998,1,1,1.0
70,1,210.72,255.3,91.44000000000003,39.19999999999999,1,1,1.0
70,4,849.9,227.5,110.10000000000002,82.69999999999999,1,1,1.0
71,1,210.72,255.5,91.44000000000003,39.0,1,1,1.0
71,4,841.3,227.5,118.70000000000005,82.69999999999999,1,1,1.0
72,1,210.72,255.5,91.44000000000003,39.0,1,1,1.0
72,4,834.8,227.5,125.20000000000005,82.69999999999999,1,1,1.0
73,1,210.72,255.5,91.44000000000003,39.0,1,1,1.0
73,4,828.3,227.5,131.70000000000005,85.80000000000001,1,1,1.0
74,1,210.72,255.5,91.44000000000003,39.0,1,1,1.0
74,4,819.6,227.5,140.39999999999998,88.5,1,1,1.0
75,1,210.72,255.5,91.44000000000003,39.0,1,1,1.0
75,4,813.2,230.4,146.79999999999995,85.6,1,1,1.0
76,1,210.72,255.5,91.44000000000003,39.0,1,1,1.0
76,4,802.4,232.5,157.60000000000002,90.0,1,1,1.0
76,5,798.59,256.85,16.600000000000023,27.489999999999952,1,1,1.0
77,1,210.72,255.5,91.44000000000003,39.0,1,1,1.0
77,4,803.4,233.3,156.60000000000002,89.89999999999998,1,1,1.0
77,5,791.07,258.14,16.59999999999991,27.5,1,1,1.0
78,1,210.72,255.5,91.44000000000003,39.0,1,1,1.0
78,4,789.13,235.38,170.87,89.88999999999999,1,1,1.0
78,5,780.4,259.44,22.340000000000032,27.49000000000001,1,1,1.0
79,1,210.72,255.5,91.44000000000003,39.0,1,1,1.0
79,4,789.13,235.38,163.37,89.88999999999999,1,1,1.0
79,5,769.77,259.18,22.340000000000032,27.49000000000001,1,1,1.0
79,6,944.36,237.14,15.299999999999955,30.340000000000032,1,1,1.0
80,1,210.72,255.5,91.44000000000003,39.0,1,1,1.0
80,4,770.2,236.4,176.5999999999999,93.79999999999998,1,1,1.0
80,5,759.91,260.74,22.340000000000032,27.49000000000001,1,1,1.0
80,6,942.02,237.91,15.300000000000068,30.349999999999994,1,1,1.0
81,1,210.72,255.5,91.44000000000003,39.0,1,1,1.0
81,4,761.97,237.18,178.95999999999992,93.80000000000001,1,1,1.0
81,5,751.9,260.74,30.350000000000023,27.49000000000001,1,1,1.0
81,6,942.02,237.91,10.680000000000064,30.349999999999994,1,1,1.0
82,1,210.72,255.5,91.44000000000003,39.0,1,1,1.0
82,4,753.75,237.96,181.32000000000005,93.79999999999998,1,1,1.0
82,5,741.79,261.78,28.31000000000006,27.49000000000001,1,1,1.0
82,6,935.02,239.99,10.680000000000064,30.339999999999975,1,1,1.0
83,1,210.72,255.5,91.44000000000003,39.0,1,1,1.0
83,4,745.52,238.73,183.68000000000006,93.79999999999998,1,1,1.0
83,5,732.19,261.5,27.309999999999945,29.839999999999975,1,1,1.0
83,6,929.31,241.03,10.680000000000064,30.340000000000003,1,1,1.0
84,1,210.72,255.5,91.44000000000003,39.0,1,1,1.0
84,4,735.92,240.29,188.09000000000003,95.91,1,1,1.0
84,5,719.74,262.8,28.309999999999945,31.399999999999977,1,1,1.0
84,6,923.87,241.54,9.850000000000023,30.349999999999994,1,1,1.0
85,1,210.72,255.5,91.44000000000003,39.0,1,1,1.0
85,4,726.32,240.55,189.17999999999995,96.94999999999999,1,1,1.0
85,5,709.9,262.0,30.600000000000023,32.19999999999999,1,1,1.0
85,6,909.32,241.02,16.620000000000005,30.349999999999994,1,1,1.0
86,1,210.72,255.5,91.44000000000003,39.0,1,1,1.0
86,4,716.86,241.57,193.68999999999994,99.93,1,1,1.0
86,5,698.49,259.69,38.14999999999998,31.389999999999986,1,1,1.0
86,6,902.45,240.9,18.16999999999996,32.28999999999999,1,1,1.0
87,1,210.72,255.5,91.44000000000003,39.0,1,1,1.0
87,4,707.4,242.6,198.20000000000005,102.9,1,1,1.0
87,5,687.9,262.02,40.960000000000036,31.400000000000034,1,1,1.0
87,6,895.57,240.77,19.729999999999905,34.22999999999999,1,1,1.0
88,1,210.72,255.5,91.44000000000003,39.0,1,1,1.0
88,4,697.5,242.6,201.10000000000002,102.9,1,1,1.0
88,5,675.97,263.9,33.129999999999995,32.110000000000014,1,1,1.0
88,6,889.61,241.54,19.730000000000018,34.23999999999998,1,1,1.0
89,1,210.72,255.5,91.44000000000003,39.0,1,1,1.0
89,4,688.35,242.6,210.25,102.9,1,1,1.0
89,5,664.9,263.9,44.200000000000045,32.110000000000014,1,1,1.0
89,6,864.4,241.54,39.10000000000002,34.23999999999998,1,1,1.0
90,1,210.72,255.5,91.44000000000003,39.0,1,1,1.0
90,4,679.2,242.6,219.39999999999998,102.9,1,1,1.0
90,5,652.82,263.55,44.19999999999993,32.120000000000005,1,1,1.0
90,6,851.6,241.54,42.60000000000002,34.23999999999998,1,1,1.0
91,1,210.72,255.5,91.44000000000003,39.0,1,1,1.0
91,4,668.5,242.6,210.79999999999995,102.9,1,1,1.0
91,5,642.1,265.28,45.610000000000014,32.110000000000014,1,1,1.0
91,6,851.6,241.54,38.5,34.23999999999998,1,1,1.0
92,1,210.72,255.5,91.44000000000003,39.0,1,1,1.0
92,4,656.8,247.4,214.20000000000005,107.79999999999998,1,1,1.0
92,5,628.3,265.28,59.41000000000008,32.110000000000014,1,1,1.0
92,6,840.21,242.23,38.5,34.24000000000004,1,1,1.0
93,1,210.72,255.5,91.44000000000003,39.0,1,1,1.0
93,4,643.7,247.4,219.39999999999998,107.79999999999998,1,1,1.0
93,5,617.6,265.28,70.11000000000001,32.110000000000014,1,1,1.0
93,6,840.21,246.0,38.5,32.89999999999998,1,1,1.0
94,1,210.72,255.5,91.44000000000003,39.0,1,1,1.0
94,4,633.7,247.4,222.5,114.70000000000002,1,1,1.0
94,5,605.2,265.28,73.89999999999998,32.110000000000014,1,1,1.0
94,6,840.21,246.0,25.389999999999986,32.89999999999998,1,1,1.0
95,1,210.72,255.5,91.44000000000003,39.0,1,1,1.0
95,4,619.9,247.4,228.39999999999998,114.70000000000002,1,1,1.0
95,5,591.4,267.0,74.20000000000005,33.19999999999999,1,1,1.0
95,6,825.72,247.38,32.98000000000002,32.89999999999998,1,1,1.0
96,1,210.72,255.5,91.44000000000003,39.0,1,1,1.0
96,4,608.5,250.2,239.79999999999995,117.10000000000002,1,1,1.0
96,5,579.33,269.76,74.18999999999994,33.19999999999999,1,1,1.0
96,6,811.2,247.38,39.59999999999991,32.89999999999998,1,1,1.0
97,1,210.72,255.5,91.44000000000003,39.0,1,1,1.0
97,4,597.72,253.0,235.77999999999997,117.10000000000002,1,1,1.0
97,5,565.35,268.96,74.19999999999993,33.200000000000045,1,1,1.0
97,6,789.12,249.11,54.08000000000004,32.89999999999998,1,1,1.0
98,1,210.72,255.5,91.44000000000003,39.0,1,1,1.0
98,4,584.5,253.0,241.0,117.10000000000002,1,1,1.0
98,5,551.8,268.96,87.75,33.200000000000045,1,1,1.0
98,6,789.12,249.11,43.27999999999997,32.89999999999998,1,1,1.0
99,1,210.72,255.5,91.44000000000003,39.0,1,1,1.0
99,4,573.3,253.0,245.0,117.10000000000002,1,1,1.0
99,5,541.8,268.96,92.20000000000005,33.200000000000045,1,1,1.0
99,6,769.96,249.5,55.24000000000001,32.89999999999998,1,1,1.0
100,1,210.72,255.5,91.44000000000003,39.0,1,1,1.0
100,4,559.7,256.2,258.19999999999993,113.90000000000003,1,1,1.0
100,5,527.03,272.96,92.20000000000005,33.200000000000045,1,1,1.0
100,6,759.18,249.5,56.020000000000095,32.89999999999998,1,1,1.0
101,1,210.72,255.5,91.44000000000003,39.0,1,1,1.0
101,4,544.9,259.0,254.60000000000002,124.30000000000001,1,1,1.0
101,5,511.5,272.96,97.0,33.200000000000045,1,1,1.0
101,6,742.01,251.9,61.190000000000055,32.900000000000006,1,1,1.0
102,1,210.72,255.5,91.44000000000003,39.0,1,1,1.0
102,4,532.9,259.0,258.6,124.30000000000001,1,1,1.0
102,5,499.92,271.76,94.18,33.19999999999999,1,1,1.0
102,6,730.84,253.5,65.15999999999997,32.89999999999998,1,1,1.0
103,1,210.72,255.5,91.44000000000003,39.0,1,1,1.0
103,4,520.1,259.0,264.19999999999993,129.10000000000002,1,1,1.0
103,5,485.55,272.6,94.94999999999999,35.14999999999998,1,1,1.0
103,6,720.86,253.5,65.15999999999997,32.89999999999998,1,1,1.0
104,1,210.72,255.5,91.44000000000003,39.0,1,1,1.0
104,4,505.8,262.2,270.2,125.90000000000003,1,1,1.0
104,5,472.6,269.51,96.76999999999998,38.889999999999986,1,1,1.0
104,6,710.7,253.5,66.09999999999991,32.89999999999998,1,1,1.0
104,7,951.69,235.72,8.309999999999945,29.099999999999994,1,1,1.0
105,1,210.72,255.5,91.44000000000003,39.0,1,1,1.0
105,4,491.9,263.1,274.4,132.89999999999998,1,1,1.0
105,5,456.43,270.43,96.77000000000004,38.889999999999986,1,1,1.0
105,6,696.8,253.5,69.40000000000009,32.89999999999998,1,1,1.0
105,7,946.2,232.9,13.799999999999955,31.919999999999987,1,1,1.0
106,1,210.72,255.5,91.44000000000003,39.0,1,1,1.0
106,4,474.8,266.8,281.3,133.39999999999998,1,1,1.0
106,5,443.5,273.2,91.20000000000005,38.900000000000034,1,1,1.0
106,6,683.9,253.5,71.70000000000005,32.89999999999998,1,1,1.0
106,7,946.2,229.7,13.799999999999955,35.120000000000005,1,1,1.0
107,1,210.72,255.5,91.44000000000003,39.0,1,1,1.0
107,4,460.5,266.8,286.79999999999995,138.89999999999998,1,1,1.0
107,5,430.57,274.59,98.63000000000005,36.610000000000014,1,1,1.0
107,6,673.3,253.5,78.60000000000002,32.89999999999998,1,1,1.0
107,7,943.0,229.7,17.0,35.120000000000005,1,1,1.0
108,1,210.72,255.5,91.44000000000003,39.0,1,1,1.0
108,4,446.2,270.03,291.40000000000003,138.90000000000003,1,1,1.0
108,5,415.33,275.05,102.77000000000004,36.610000000000014,1,1,1.0
108,6,654.36,255.81,78.60000000000002,32.89999999999998,1,1,1.0
108,7,935.1,214.9,24.899999999999977,51.29999999999998,1,1,1.0
109,1,210.72,255.5,91.44000000000003,39.0,1,1,1.0
109,4,427.3,269.57,303.36999999999995,141.63,1,1,1.0
109,5,400.08,276.0,102.78000000000003,36.60000000000002,1,1,1.0
109,6,634.0,255.34,88.79999999999995,32.900000000000006,1,1,1.0
109,7,932.8,214.9,27.200000000000045,51.29999999999998,1,1,1.0
110,1,210.72,255.5,91.44000000000003,39.0,1,1,1.0
110,4,412.5,269.57,304.79999999999995,148.13,1,1,1.0
110,5,386.7,272.77,106.0,36.60000000000002,1,1,1.0
110,6,621.99,255.34,88.79999999999995,32.900000000000006,1,1,1.0
110,7,925.9,214.9,34.10000000000002,51.29999999999998,1,1,1.0
111,1,210.72,255.5,91.44000000000003,39.0,1,1,1.0
111,4,394.9,274.2,313.6,149.10000000000002,1,1,1.0
111,5,371.5,276.92,106.39999999999998,36.599999999999966,1,1,1.0
111,6,606.7,255.34,91.59999999999991,32.900000000000006,1,1,1.0
111,7,923.1,214.9,36.89999999999998,53.099999999999994,1,1,1.0
112,1,210.72,255.5,91.44000000000003,39.0,1,1,1.0
112,4,376.89,278.36,320.51,149.09999999999997,1,1,1.0
112,5,359.5,278.31,104.56,36.60000000000002,1,1,1.0
112,6,595.15,258.1,91.60000000000002,28.75999999999999,1,1,1.0
112,7,918.9,214.9,41.10000000000002,53.099999999999994,1,1,1.0
113,1,210.72,255.5,91.44000000000003,39.0,1,1,1.0
113,4,357.9,278.36,329.80000000000007,149.09999999999997,1,1,1.0
113,5,343.8,274.6,106.89999999999998,41.69,1,1,1.0
113,6,581.3,258.1,94.40000000000009,28.75999999999999,1,1,1.0
113,7,913.8,214.9,46.200000000000045,53.099999999999994,1,1,1.0
114,1,210.72,255.5,91.44000000000003,39.0,1,1,1.0
114,4,340.8,279.77,335.32,155.53000000000003,1,1,1.0
114,5,330.86,275.52,106.90999999999997,41.700000000000045,1,1,1.0
114,6,566.52,259.0,96.68000000000006,26.899999999999977,1,1,1.0
114,7,907.4,214.9,52.60000000000002,53.099999999999994,1,1,1.0
115,1,210.72,255.5,91.44000000000003,39.0,1,1,1.0
115,4,321.4,283.92,345.0,155.97999999999996,1,1,1.0
115,5,315.16,277.83,106.89999999999998,41.69999999999999,1,1,1.0
115,6,554.51,260.85,96.68000000000006,26.899999999999977,1,1,1.0
115,7,903.7,214.9,56.299999999999955,53.099999999999994,1,1,1.0
116,1,210.72,255.5,91.44000000000003,39.0,1,1,1.0
116,4,302.9,289.0,350.57000000000005,155.98000000000002,1,1,1.0
116,5,299.5,281.07,109.17000000000002,41.69,1,1,1.0
116,6,550.82,262.23,86.9799999999999,26.899999999999977,1,1,1.0
116,7,898.6,216.75,61.39999999999998,53.10000000000002,1,1,1.0
117,1,210.72,255.5,91.44000000000003,39.0,1,1,1.0
117,4,280.7,289.0,363.50000000000006,159.2,1,1,1.0
117,5,284.2,281.07,110.60000000000002,41.69,1,1,1.0
117,6,523.56,260.8,99.94000000000005,29.25999999999999,1,1,1.0
117,7,891.67,216.75,68.33000000000004,53.10000000000002,1,1,1.0
118,1,210.72,255.5,91.44000000000003,39.0,1,1,1.0
118,4,260.9,289.0,370.9,166.60000000000002,1,1,1.0
118,5,269.4,281.07,113.40000000000003,41.69,1,1,1.0
118,6,510.69,262.9,99.93,30.0,1,1,1.0
118,7,886.56,216.98,73.44000000000005,54.16999999999999,1,1,1.0
119,1,210.72,255.5,91.44000000000003,39.0,1,1,1.0
119,4,240.15,294.01,378.05000000000007,168.79000000000002,1,1,1.0
119,5,252.23,283.93,113.4,41.69,1,1,1.0
119,6,495.66,264.33,99.94,30.0,1,1,1.0
119,7,881.44,217.22,74.55999999999995,55.22,1,1,1.0
120,1,210.72,255.5,91.44000000000003,39.0,1,1,1.0
120,4,217.26,290.4,390.24,179.60000000000002,1,1,1.0
120,5,236.49,281.07,113.39999999999998,41.69,1,1,1.0
120,6,481.35,267.91,99.93999999999994,30.0,1,1,1.0
120,7,876.33,217.46,75.66999999999996,56.28,1,1,1.0
121,1,210.72,255.5,91.44000000000003,39.0,1,1,1.0
121,4,194.36,291.8,400.93999999999994,186.77999999999997,1,1,1.0
121,5,220.75,286.79,114.14999999999998,41.69,1,1,1.0
121,6,466.33,265.05,99.93,32.849999999999966,1,1,1.0
121,7,871.21,217.69,76.78999999999996,57.35000000000002,1,1,1.0
122,1,210.72,255.5,91.44000000000003,39.0,1,1,1.0
122,4,171.5,291.8,412.4,186.77999999999997,1,1,1.0
122,5,202.87,285.36,114.13999999999999,41.69,1,1,1.0
122,6,450.6,265.05,105.60000000000002,32.849999999999966,1,1,1.0
122,7,866.1,217.93,77.89999999999998,58.40999999999997,1,1,1.0
123,1,210.72,255.5,91.44000000000003,39.0,1,1,1.0
123,4,145.74,298.24,419.55999999999995,186.77999999999997,1,1,1.0
123,5,188.56,291.08,114.14999999999998,41.69,1,1,1.0
123,6,434.9,265.05,113.39999999999998,32.849999999999966,1,1,1.0
123,7,860.98,218.16,79.01999999999998,59.47999999999999,1,1,1.0
124,1,210.72,255.5,91.44000000000003,39.0,1,1,1.0
124,4,121.42,300.4,433.87999999999994,196.07000000000005,1,1,1.0
124,5,170.67,288.22,114.15,41.69,1,1,1.0
124,6,423.45,267.9,107.75000000000006,35.01000000000005,1,1,1.0
124,7,855.87,218.4,80.13,60.53,1,1,1.0
125,1,210.72,255.5,91.44000000000003,39.0,1,1,1.0
125,4,92.8,300.35,446.77000000000004,206.14,1,1,1.0
125,5,153.5,289.7,131.32,44.5,1,1,1.0
125,6,404.85,270.05,109.85000000000002,35.0,1,1,1.0
125,7,848.42,218.4,80.13,60.53,1,1,1.0
126,1,210.72,255.5,91.44000000000003,39.0,1,1,1.0
126,4,67.8,305.4,458.90000000000003,202.5,1,1,1.0
126,5,131.32,291.85,124.88,44.5,1,1,1.0
126,6,393.4,267.9,109.85000000000002,40.02000000000004,1,1,1.0
126,7,845.1,218.4,81.0,60.53,1,1,1.0
127,1,210.72,255.5,91.44000000000003,39.0,1,1,1.0
127,4,38.0,308.7,474.6,210.79000000000002,1,1,1.0
127,5,116.42,292.67,124.88000000000001,44.5,1,1,1.0
127,6,376.8,266.25,113.20999999999998,40.00999999999999,1,1,1.0
127,7,835.99,220.88,83.50999999999999,60.54000000000002,1,1,1.0
128,1,210.72,255.5,91.44000000000003,39.0,1,1,1.0
128,4,11.51,310.36,490.39,214.14,1,1,1.0
128,5,97.38,293.5,124.88,44.5,1,1,1.0
128,6,365.21,269.56,113.21000000000004,40.00999999999999,1,1,1.0
128,7,831.03,220.88,83.5,60.54000000000002,1,1,1.0
129,1,210.72,255.5,91.44000000000003,39.0,1,1,1.0
129,4,0.0,317.03,485.3,222.97000000000003,1,1,1.0
129,5,80.14,294.46,124.88000000000001,44.5,1,1,1.0
129,6,348.93,271.47,113.20999999999998,40.01999999999998,1,1,1.0
129,7,822.7,219.23,88.5,60.53,1,1,1.0
130,1,210.72,255.5,91.44000000000003,39.0,1,1,1.0
130,4,0.0,317.03,468.7,222.97000000000003,1,1,1.0
130,5,62.4,296.68,129.32,44.5,1,1,1.0
130,6,335.63,272.58,113.20999999999998,40.00999999999999,1,1,1.0
130,7,816.05,221.44,88.5,60.54000000000002,1,1,1.0
131,1,210.72,255.5,91.44000000000003,39.0,1,1,1.0
131,4,0.0,317.03,455.4,222.97000000000003,1,1,1.0
131,5,38.02,298.89,129.32,44.5,1,1,1.0
131,6,316.6,273.4,122.25999999999999,42.52000000000004,1,1,1.0
131,7,809.4,220.34,88.5,60.53,1,1,1.0
132,1,210.72,255.5,91.44000000000003,39.0,1,1,1.0
132,4,0.0,322.0,438.8,218.0,1,1,1.0
132,5,23.95,301.38,129.32000000000002,44.5,1,1,1.0
132,6,299.22,273.4,122.25999999999999,48.30000000000001,1,1,1.0
132,7,805.3,220.34,92.60000000000002,60.53,1,1,1.0
133,1,210.72,255.5,91.44000000000003,39.0,1,1,1.0
133,4,0.0,322.0,421.6,218.0,1,1,1.0
133,5,5.74,302.2,129.32,44.5,1,1,1.0
133,6,284.32,275.88,122.25999999999999,48.30000000000001,1,1,1.0
133,7,794.54,223.65,92.60000000000002,60.53,1,1,1.0
134,1,210.72,255.5,91.44000000000003,39.0,1,1,1.0
134,4,0.0,322.0,404.4,218.0,1,1,1.0
134,5,0.95,302.2,117.85,47.379999999999995,1,1,1.0
134,6,270.91,275.88,122.25999999999999,48.30000000000001,1,1,1.0
134,7,792.3,223.65,91.70000000000005,60.53,1,1,1.0
134,8,680.76,527.5,78.63999999999999,12.5,1,1,1.0
135,1,210.72,255.5,91.44000000000003,39.0,1,1,1.0
135,4,0.0,331.6,385.2,208.39999999999998,1,1,1.0
135,5,0.95,307.0,96.75,46.39999999999998,1,1,1.0
135,6,253.59,277.74,122.27000000000001,48.30000000000001,1,1,1.0
135,7,783.02,224.3,91.70000000000005,62.96999999999997,1,1,1.0
135,8,680.76,520.9,110.13999999999999,19.100000000000023,1,1,1.0
136,1,210.72,255.5,91.44000000000003,39.0,1,1,1.0
136,4,0.0,335.4,366.0,204.60000000000002,1,1,1.0
136,5,0.95,308.9,82.45,44.5,1,1,1.0
136,6,236.35,274.9,122.27000000000001,53.05000000000001,1,1,1.0
136,7,778.3,225.26,92.59000000000003,62.97000000000003,1,1,1.0
136,8,686.6,518.4,121.69999999999993,21.600000000000023,1,1,1.0
137,1,210.72,255.5,91.44000000000003,39.0,1,1,1.0
137,4,0.0,335.4,347.8,204.60000000000002,1,1,1.0
137,5,0.95,308.9,63.45,44.5,1,1,1.0
137,6,220.3,276.1,127.24000000000001,53.69999999999999,1,1,1.0
137,7,770.1,224.15,94.13999999999999,62.97,1,1,1.0
137,8,691.6,511.0,138.19999999999993,29.0,1,1,1.0
138,1,210.72,255.5,91.44000000000003,39.0,1,1,1.0
138,4,0.0,335.4,327.9,204.60000000000002,1,1,1.0
138,5,0.95,308.9,43.55,44.5,1,1,1.0
138,6,203.13,275.38,127.24000000000001,53.70999999999998,1,1,1.0
138,7,764.3,224.15,93.30000000000007,62.97,1,1,1.0
138,8,702.4,505.2,138.10000000000002,34.80000000000001,1,1,1.0
139,1,210.72,255.5,91.44000000000003,39.0,1,1,1.0
139,4,0.0,342.9,311.3,197.10000000000002,1,1,1.0
139,5,0.95,308.9,23.650000000000002,44.5,1,1,1.0
139,6,187.4,279.52,127.23999999999998,53.700000000000045,1,1,1.0
139,7,756.85,226.63,93.29999999999995,62.97000000000003,1,1,1.0
139,8,702.4,500.2,148.0,39.80000000000001,1,1,1.0
140,1,210.72,255.5,91.44000000000003,39.0,1,1,1.0
140,4,0.0,346.5,287.7,193.5,1,1,1.0
140,6,170.3,280.06,128.83999999999997,53.69999999999999,1,1,1.0
140,7,751.05,227.46,93.30000000000007,62.97,1,1,1.0
140,8,726.4,492.7,135.60000000000002,47.30000000000001,1,1,1.0
141,1,210.72,255.5,91.44000000000003,39.0,1,1,1.0
141,4,0.0,351.5,267.8,188.5,1,1,1.0
141,6,152.92,280.89,128.84,53.69999999999999,1,1,1.0
141,7,741.9,225.8,96.65999999999997,62.97999999999996,1,1,1.0
141,8,726.4,489.4,144.70000000000005,50.60000000000002,1,1,1.0
142,1,210.72,255.5,91.44000000000003,39.0,1,1,1.0
142,4,0.0,354.83,243.39,185.17000000000002,1,1,1.0
142,6,135.7,284.46,132.46000000000004,53.710000000000036,1,1,1.0
142,7,734.75,227.95,96.65999999999997,62.97000000000003,1,1,1.0
142,8,738.6,483.9,140.29999999999995,56.10000000000002,1,1,1.0
143,1,210.72,255.5,91.44000000000003,39.0,1,1,1.0
143,4,0.0,359.0,224.4,181.0,1,1,1.0
143,6,116.66,285.29,132.46,53.69999999999999,1,1,1.0
143,7,726.2,227.95,100.89999999999998,62.97000000000003,1,1,1.0
143,8,756.4,475.6,128.39999999999998,64.39999999999998,1,1,1.0
144,1,210.72,255.5,91.44000000000003,39.0,1,1,1.0
144,4,0.0,360.9,200.5,178.14,1,1,1.0
144,6,103.25,283.38,132.46,53.69999999999999,1,1,1.0
144,7,719.5,227.95,100.89999999999998,62.97000000000003,1,1,1.0
144,8,766.94,473.7,128.39999999999998,66.30000000000001,1,1,1.0
145,1,210.72,255.5,91.44000000000003,39.0,1,1,1.0
145,4,0.0,364.7,175.6,174.33999999999997,1,1,1.0
145,6,86.01,286.25,132.46999999999997,53.69999999999999,1,1,1.0
145,7,709.92,227.95,100.90000000000009,62.97000000000003,1,1,1.0
145,8,775.56,468.9,128.4000000000001,71.10000000000002,1,1,1.0
146,1,210.72,255.5,91.44000000000003,39.0,1,1,1.0
146,4,0.0,364.7,151.9,174.33999999999997,1,1,1.0
146,6,68.21,284.77,132.45999999999998,59.43000000000001,1,1,1.0
146,7,701.3,228.91,100.90000000000009,62.97,1,1,1.0
146,8,785.1,462.2,125.55999999999995,77.80000000000001,1,1,1.0
147,1,210.72,255.5,91.44000000000003,39.0,1,1,1.0
147,4,0.0,374.6,125.4,164.43999999999994,1,1,1.0
147,6,48.3,286.42,138.3,59.44,1,1,1.0
147,7,692.8,228.91,103.66000000000008,67.98999999999998,1,1,1.0
147,8,792.8,459.3,120.73000000000002,80.69999999999999,1,1,1.0
148,1,210.72,255.5,91.44000000000003,39.0,1,1,1.0
148,4,0.0,374.6,100.6,164.43999999999994,1,1,1.0
148,6,30.09,292.22,138.29999999999998,56.079999999999984,1,1,1.0
148,7,687.01,230.57,103.64999999999998,67.99000000000001,1,1,1.0
148,8,805.2,453.51,119.89999999999998,83.19000000000005,1,1,1.0
149,1,210.72,255.5,91.44000000000003,39.0,1,1,1.0
149,4,0.0,383.7,71.7,155.33999999999997,1,1,1.0
149,6,13.53,290.56,138.3,56.079999999999984,1,1,1.0
149,7,677.9,228.91,103.65999999999997,67.98999999999998,1,1,1.0
149,8,812.65,447.71,119.89999999999998,83.19999999999999,1,1,1.0
150,1,210.72,255.5,91.44000000000003,39.0,1,1,1.0
150,4,0.0,397.1,43.9,141.93999999999994,1,1,1.0
150,6,0.0,294.14,136.1,56.08000000000004,1,1,1.0
150,7,670.24,230.83,103.64999999999998,67.98999999999998,1,1,1.0
150,8,822.6,442.1,115.69999999999993,83.79999999999995,1,1,1.0
151,1,210.72,255.5,91.44000000000003,39.0,1,1,1.0
151,4,0.0,408.6,12.7,130.43999999999994,1,1,1.0
151,6,0.0,294.14,119.0,56.08000000000004,1,1,1.0
151,7,658.7,227.95,106.56999999999994,69.94999999999999,1,1,1.0
151,8,830.4,440.18,110.76999999999998,83.80000000000001,1,1,1.0
152,1,210.72,255.5,91.44000000000003,39.0,1,1,1.0
152,6,0.0,294.14,100.0,56.08000000000004,1,1,1.0
152,7,649.59,230.44,106.57999999999993,69.94,1,1,1.0
152,8,837.85,435.22,110.76999999999998,83.79999999999995,1,1,1.0
153,1,210.72,255.5,91.44000000000003,39.0,1,1,1.0
153,6,0.0,294.14,85.9,56.08000000000004,1,1,1.0
153,7,638.8,228.78,110.74000000000001,69.95000000000002,1,1,1.0
153,8,846.13,426.94,110.76999999999998,83.80000000000001,1,1,1.0
154,1,210.72,255.5,91.44000000000003,39.0,1,1,1.0
154,6,0.0,294.14,68.5,56.08000000000004,1,1,1.0
154,7,631.14,227.82,110.74000000000001,69.94999999999999,1,1,1.0
154,8,853.56,424.02,104.8900000000001,83.40000000000003,1,1,1.0
155,1,210.72,255.5,91.44000000000003,39.0,1,1,1.0
155,6,0.0,299.2,49.9,54.60000000000002,1,1,1.0
155,7,621.44,228.75,113.05999999999995,71.75,1,1,1.0
155,8,861.0,421.1,99.0,83.0,1,1,1.0
156,1,210.72,255.5,91.44000000000003,39.0,1,1,1.0
156,6,0.0,299.2,31.2,58.30000000000001,1,1,1.0
156,7,612.4,229.28,114.08000000000004,71.74999999999997,1,1,1.0
156,8,867.9,421.1,92.10000000000002,75.0,1,1,1.0
157,1,210.72,255.5,91.44000000000003,39.0,1,1,1.0
157,6,0.0,299.2,14.6,58.30000000000001,1,1,1.0
157,7,601.7,231.14,115.50999999999999,71.75,1,1,1.0
157,8,875.28,416.15,84.10000000000002,74.35000000000002,1,1,1.0
158,1,210.72,255.5,91.44000000000003,39.0,1,1,1.0
158,7,590.94,232.79,115.50999999999999,71.75000000000003,1,1,1.0
158,8,877.76,413.67,82.24000000000001,74.34999999999997,1,1,1.0
159,1,210.72,255.5,91.44000000000003,39.0,1,1,1.0
159,7,582.9,233.41,115.50999999999999,71.75000000000003,1,1,1.0
159,8,888.9,409.34,70.48000000000002,71.26000000000005,1,1,1.0
160,1,210.72,255.5,91.44000000000003,39.0,1,1,1.0
160,7,572.97,234.24,115.50999999999999,71.75,1,1,1.0
160,8,893.9,406.03,66.10000000000002,70.47000000000003,1,1,1.0
161,1,210.72,255.5,91.44000000000003,39.0,1,1,1.0
161,7,558.9,233.41,122.10000000000002,71.75000000000003,1,1,1.0
161,8,901.1,402.5,58.89999999999998,64.69999999999999,1,1,1.0
162,1,210.72,255.5,91.44000000000003,39.0,1,1,1.0
162,7,548.97,234.2,122.10000000000002,71.80000000000001,1,1,1.0
162,8,906.1,400.0,53.069999999999936,65.5,1,1,1.0
163,1,210.72,255.5,91.44000000000003,39.0,1,1,1.0
163,7,538.21,233.37,122.09999999999991,71.80000000000001,1,1,1.0
163,8,909.41,398.1,50.59000000000003,64.89999999999998,1,1,1.0
164,1,210.72,255.5,91.44000000000003,39.0,1,1,1.0
164,7,528.3,233.99,124.59000000000003,71.80000000000001,1,1,1.0
164,8,918.1,393.15,41.89999999999998,63.75,1,1,1.0
165,1,210.72,255.5,91.44000000000003,39.0,1,1,1.0
165,7,517.79,233.99,124.58000000000004,76.00999999999999,1,1,1.0
165,8,923.1,388.17,36.89999999999998,67.30000000000001,1,1,1.0
166,1,210.72,255.5,91.44000000000003,39.0,1,1,1.0
166,7,506.34,236.85,124.58999999999997,74.54999999999998,1,1,1.0
166,8,931.0,388.17,29.0,64.43,1,1,1.0
167,1,210.72,255.5,91.44000000000003,39.0,1,1,1.0
167,7,495.61,238.28,124.58000000000004,74.54999999999998,1,1,1.0
167,8,933.9,388.17,26.100000000000023,58.02999999999997,1,1,1.0
168,1,210.72,255.5,91.44000000000003,39.0,1,1,1.0
168,7,484.85,236.63,124.57999999999993,74.55000000000001,1,1,1.0
168,8,941.3,384.03,18.700000000000045,57.170000000000016,1,1,1.0
169,1,210.72,255.5,91.44000000000003,39.0,1,1,1.0
169,7,471.6,239.11,128.73000000000002,74.55000000000001,1,1,1.0
169,8,943.8,384.03,16.200000000000045,57.170000000000016,1,1,1.0
170,1,210.72,255.5,91.44000000000003,39.0,1,1,1.0
170,7,460.8,236.63,131.24999999999994,76.17000000000002,1,1,1.0
170,8,952.1,380.72,7.899999999999977,57.16999999999996,1,1,1.0
171,1,210.72,255.5,91.44000000000003,39.0,1,1,1.0
171,7,449.21,239.11,131.25000000000006,76.16999999999996,1,1,1.0
171,8,954.6,380.72,5.399999999999977,57.16999999999996,1,1,1.0
172,1,210.72,255.5,91.44000000000003,39.0,1,1,1.0
172,7,436.79,239.11,131.24999999999994,76.16999999999996,1,1,1.0
173,1,210.72,255.5,91.44000000000003,39.0,1,1,1.0
173,7,426.03,239.11,131.25,76.16999999999996,1,1,1.0
174,1,210.72,255.5,91.44000000000003,39.0,1,1,1.0
174,7,415.27,241.59,131.25,76.71000000000001,1,1,1.0
175,1,210.72,255.5,91.44000000000003,39.0,1,1,1.0
175,7,401.38,243.2,137.62,74.60000000000002,1,1,1.0
176,1,210.72,255.5,91.44000000000003,39.0,1,1,1.0
176,7,390.9,241.34,135.12,77.05999999999997,1,1,1.0
177,1,210.72,255.5,91.44000000000003,39.0,1,1,1.0
177,7,379.77,240.72,135.11,78.88000000000002,1,1,1.0
178,1,210.72,255.5,91.44000000000003,39.0,1,1,1.0
178,7,368.64,240.11,135.11,78.87,1,1,1.0
179,1,210.72,255.5,91.44000000000003,39.0,1,1,1.0
179,7,356.9,240.72,136.10000000000002,78.88000000000002,1,1,1.0
180,1,210.72,255.5,91.44000000000003,39.0,1,1,1.0
180,7,343.1,239.9,140.29999999999995,78.86999999999998,1,1,1.0
181,1,210.72,255.5,91.44000000000003,39.0,1,1,1.0
181,7,331.88,240.4,140.3,79.4,1,1,1.0
182,1,210.72,255.5,91.44000000000003,39.0,1,1,1.0
182,7,319.58,240.4,140.3,79.4,1,1,1.0
183,1,210.72,255.5,91.44000000000003,39.0,1,1,1.0
183,7,310.93,242.25,140.3,79.39999999999998,1,1,1.0
184,1,210.72,255.5,91.44000000000003,39.0,1,1,1.0
184,7,301.7,242.87,137.16000000000003,79.39999999999998,1,1,1.0
185,1,210.72,255.5,91.44000000000003,39.0,1,1,1.0
185,7,291.8,242.87,139.01999999999998,79.39999999999998,1,1,1.0
186,1,210.72,255.5,91.44000000000003,39.0,1,1,1.0
186,7,281.07,242.16,139.01999999999998,79.4,1,1,1.0
187,1,210.72,255.5,91.44000000000003,39.0,1,1,1.0
187,7,265.9,243.08,142.64000000000004,79.4,1,1,1.0
188,1,210.72,255.5,91.44000000000003,39.0,1,1,1.0
188,7,253.53,245.55,142.65,79.39999999999998,1,1,1.0
189,1,210.72,255.5,91.44000000000003,39.0,1,1,1.0
189,7,241.79,245.55,142.64000000000001,79.39999999999998,1,1,1.0
190,1,210.72,255.5,91.44000000000003,39.0,1,1,1.0
190,7,230.04,245.55,142.64000000000001,79.39999999999998,1,1,1.0
